Forfeit in Round #441


opp_bids = [45, 45, 45, 18, 20, 8, 16, 20, 8, 53, 83, 65, 118, 69, 8, 110, 58, 67, 66, 100, 50, 99, 51, 95, 107, 97, 8, 8, 36, 50, 116, 82, 81, 64, 49, 103, 94, 50, 9, 10, 16, 15, 19, 21, 21, 22, 20, 20, 21, 23, 22, 28, 26, 24, 25, 27, 26, 27, 30, 29, 30, 30, 31, 31, 30, 30, 29, 29, 30, 33, 33, 33, 35, 35, 35, 35, 37, 37, 38, 39, 40, 41, 42, 41, 41, 42, 43, 44, 44, 44, 46, 47, 46, 46, 46, 45, 46, 44, 44, 45, 45, 45, 45, 44, 44, 42, 43, 43, 44, 44, 44, 44, 44, 45, 46, 46, 47, 47, 48, 49, 49, 51, 51, 52, 52, 52, 52, 54, 54, 55, 56, 56, 55, 55, 55, 55, 53, 53, 53, 52, 51, 51, 52, 52, 52, 52, 50, 51, 51, 52, 51, 52, 52, 52, 51, 50, 51, 51, 51, 51, 51, 51, 51, 49, 49, 48, 48, 46, 46, 46, 47, 48, 47, 47, 46, 46, 46, 46, 47, 47, 47, 48, 48, 49, 50, 49, 49, 49, 49, 50, 50, 50, 51, 51, 51, 52, 51, 51, 53, 52, 52, 52, 51, 50, 51, 51, 51, 51, 51, 51, 49, 50, 50, 50, 49, 150, 48, 48, 49, 48, 47, 48, 48, 48, 47, 47, 48, 48, 48, 48, 49, 49, 49, 49, 49, 50, 50, 50, 49, 49, 50, 50, 50, 50, 50, 50, 49, 49, 49, 49, 49, 49, 50, 50, 50, 50, 50, 50, 50, 50]
my_bids = [41, 123, 133, 44, 42, 25, 50, 25, 42, 25, 25, 25, 32, 57, 68, 109, 25, 67, 25, 101, 57, 25, 79, 115, 123, 133, 25, 25, 25, 79, 47, 33, 25, 80, 138, 56, 69, 89, 106, 25, 52, 118, 83, 38, 116, 29, 112, 98, 75, 34, 100, 25, 126, 66, 71, 25, 95, 84, 109, 112, 28, 51, 25, 25, 87, 25, 25, 71, 104, 96, 92, 65, 93, 111, 25, 69, 44, 85, 96, 50, 65, 105, 25, 88, 44, 72, 62, 86, 62, 38, 87, 31, 62, 91, 28, 84, 25, 25, 76, 89, 45, 87, 25, 72, 25, 90, 43, 69, 66, 42, 25, 72, 43, 84, 79, 76, 83, 83, 82, 88, 61, 52, 82, 66, 64, 49, 63, 70, 76, 65, 79, 86, 100, 81, 89, 25, 59, 85, 41, 38, 64, 69, 62, 73, 73, 27, 75, 68, 64, 28, 67, 30, 76, 25, 38, 67, 74, 61, 76, 74, 81, 25, 25, 46, 25, 26, 25, 27, 56, 76, 62, 42, 30, 38, 84, 43, 43, 51, 35, 70, 79, 26, 33, 73, 36, 43, 66, 45, 81, 71, 73, 66, 58, 68, 84, 91, 74, 71, 25, 63, 30, 25, 83, 71, 82, 81, 66, 56, 72, 25, 51, 49, 59, 25, 25, 25, 29, 82, 94, 25, 56, 59, 42, 25, 74, 66, 73, 77, 71, 63, 25, 52, 25, 59, 55, 25, 73, 33, 38, 58, 36, 59, 63, 70, 36, 25, 25, 53, 26, 71, 66, 73, 53, 61, 34, 71, 76, 55, 70, 33]
opp_bid_avg = 47.261538461538464
opp_bid_cv = 0.3743940331785097
final_time = 25.752
post_auction_pcts: [0.662, 0.741, 0.322, 0.874, 0.77, 0.687, 0.768, 0.967, 0.826, 0.725, 0.579, 0.571, 0.799, 0.553, 0.753, 0.59, 0.459, 0.613, 0.619, 0.509, 0.858, 0.767, 0.658, 0.662, 0.566, 0.901, 0.771]
post_turn_pcts: [0.578, 0.718, 0.229, 0.899, 0.785, 0.885, 0.746, 0.963, 0.806, 0.826, 0.526, 0.873, 0.785, 0.669, 0.652, 0.564, 0.807, 0.643, 0.637, 0.523, 0.828, 0.728, 0.736, 0.667, 0.741, 0.929, 0.747]
post_river_pcts: [0.491, 0.551, 0.152, 0.954, 0.781, 0.976, 0.634, 0.86, 0.668, 0.833, 0.876, 1.0, 0.739, 0.511, 0.761, 0.866, 0.787, 0.6, 0.506, 0.458, 0.804, 0.593, 0.697, 0.727, 0.652, 0.472, 0.839]
win-loss-tie history: [0, 1, 0, 1, 0, 0.5, 0, 1, 0, 0, 0, 1, 0, 1, 1, 0.5, 1, 1, 0, 0, 0, 0, 1, 1, 0, 1, 1]
27
27
27
27
0.48148148148148145
