

opp_bids = [25, 81, 125, 147, 109, 205, 204, 204, 109, 40, 240, 107, 146, 163, 233, 160, 123, 177, 251, 202, 229, 119, 216, 317, 215, 248, 286, 196, 272, 25, 95, 181, 25, 369, 216, 336, 258, 335, 398, 315, 97, 192, 398, 246, 25, 221, 230, 59, 70, 237, 25, 318, 398, 217, 282, 168, 55, 373, 25, 398, 398, 356, 257, 372, 398, 106, 363, 297, 279, 117, 77, 25, 398, 301, 392, 398, 398, 398, 184, 221, 75, 73, 25, 398, 396, 196, 388, 267, 395, 156, 398, 234, 163, 173, 264, 351, 398, 395, 331, 25, 339, 394, 303, 239, 245, 398, 398, 25, 369, 26, 25, 25, 207, 221, 398, 330, 388, 308, 249, 304, 156, 398, 396, 367, 35, 391, 375, 358, 25, 348, 398, 398, 318, 169, 153, 229, 242, 307, 239]
my_bids = [145, 132, 140, 159, 25, 163, 49, 25, 108, 148, 89, 202, 269, 25, 127, 131, 196, 238, 25, 190, 212, 199, 258, 262, 101, 322, 267, 309, 25, 265, 233, 199, 276, 266, 105, 255, 347, 25, 393, 265, 306, 286, 270, 288, 89, 211, 29, 159, 348, 283, 304, 284, 223, 370, 260, 267, 343, 398, 25, 387, 351, 373, 290, 365, 281, 354, 292, 137, 218, 380, 374, 245, 25, 227, 398, 290, 346, 388, 391, 79, 214, 207, 25, 110, 25, 322, 276, 375, 244, 340, 101, 47, 55, 192, 322, 371, 382, 140, 398, 396, 107, 241, 227, 398, 398, 25, 380, 369, 225, 287, 398, 398, 384, 398, 310, 398, 169, 368, 25, 398, 58, 221, 287, 144, 286, 367, 32, 281, 361, 398, 245, 297, 338, 242, 398, 362, 398, 398, 273]
opp_bid_avg = 237.87769784172662
opp_bid_cv = 0.5231733941314755
final_time = 26.162
post_auction_pcts: [0.644, 0.565, 0.426, 0.703, 0.761, 0.254, 0.238, 0.546, 0.668, 0.583, 0.595, 0.261, 0.589, 0.167, 0.525, 0.544, 0.59, 0.881, 0.545, 0.67, 0.539, 0.58, 0.527, 0.478, 0.478, 0.534, 0.361, 0.713, 0.254, 0.425, 0.746, 0.532, 0.457, 0.429, 0.602, 0.587, 0.587, 0.831, 0.265, 0.53, 0.596, 0.561, 0.344, 0.344, 0.413, 0.734, 0.367, 0.591, 0.57, 0.607, 0.382, 0.575, 0.513, 0.765, 0.472, 0.472, 0.704, 0.512, 0.512, 0.512, 0.943, 0.377, 0.399, 0.57, 0.546, 0.546, 0.633, 0.473]
post_turn_pcts: [0.623, 0.481, 0.362, 0.652, 0.78, 0.286, 0.585, 0.517, 0.636, 0.42, 0.471, 0.216, 0.505, 0.115, 0.555, 0.521, 0.421, 0.352, 0.559, 0.617, 0.478, 0.568, 0.479, 0.472, 0.472, 0.486, 0.28, 0.666, 0.207, 0.453, 0.714, 0.447, 0.409, 0.288, 0.53, 0.546, 0.546, 0.546, 0.319, 0.507, 0.395, 0.555, 0.313, 0.313, 0.432, 0.754, 0.341, 0.528, 0.56, 0.56, 0.325, 0.51, 0.445, 0.672, 0.503, 0.503, 0.581, 0.726, 0.726, 0.726, 0.381, 0.752, 0.395, 0.947, 0.379, 0.379, 0.546, 0.64]
post_river_pcts: [0.509, 0.161, 0.308, 0.495, 0.755, 0.22, 0.431, 0.497, 0.688, 0.273, 0.761, 0.203, 0.515, 0.412, 0.544, 0.686, 0.471, 0.471, 0.404, 0.597, 0.463, 0.481, 0.269, 0.688, 0.688, 0.461, 0.258, 0.258, 0.258, 0.338, 0.672, 0.287, 0.435, 0.204, 0.554, 0.486, 0.486, 0.486, 0.228, 0.794, 1.0, 0.508, 0.106, 0.106, 0.377, 0.8, 0.254, 0.972, 0.562, 0.562, 0.305, 0.351, 0.429, 0.712, 0.522, 0.522, 0.555, 0.775, 0.775, 0.775, 0.775, 0.759, 0.494, 0.494, 0.314, 0.314, 0.335, 0.517]
win-loss-tie history: [0, 0, 0, 0.5, 0, 1, 0.5, 1, 1, 0, 0, 1, 1, 1, 0, 1, 0.5, 1, 1, 0, 0, 0, 1, 1, 1, 0, 1, 1, 0, 0.5, 0, 0, 0, 1, 1, 0, 1, 1, 0, 1, 1, 1, 0, 1, 1, 0, 1, 1, 1, 1, 1, 0, 0, 1, 0, 0, 1, 0, 0, 0, 1, 1, 0, 1, 0, 0, 0, 0]
68
68
68
68
0.5147058823529411
