

opp_bids = [107, 112, 66, 150, 125, 186, 79, 140, 25, 237, 153, 231, 264, 282, 146, 227, 292, 274, 371, 25, 95, 248, 321, 357, 348, 281, 125, 353, 322, 393, 232, 396, 188, 275, 92, 195, 140, 315, 397, 152, 360, 398, 25, 389, 331, 395, 248, 323, 337, 25, 193, 313, 398, 133, 25, 71, 325, 292, 398, 278, 395, 311, 142, 395, 319, 398, 25, 215, 378, 332, 398, 313, 398, 302, 234, 389, 117, 363, 395, 398, 25, 64, 398, 25, 395, 385, 25, 152, 398, 103, 396, 25, 315, 287, 223, 353, 284, 390, 372, 315, 398, 25, 234, 330, 387, 398, 398, 25, 163, 398, 25, 166, 294, 25, 253, 365, 398, 398, 398, 398, 398, 225, 25, 398, 79, 58, 398, 355]
my_bids = [149, 116, 44, 110, 133, 150, 220, 44, 176, 177, 236, 230, 257, 183, 262, 293, 123, 253, 330, 329, 25, 228, 343, 312, 302, 343, 36, 321, 138, 25, 263, 47, 83, 398, 398, 25, 341, 25, 25, 180, 391, 276, 358, 231, 398, 313, 380, 312, 311, 146, 379, 25, 379, 386, 262, 188, 128, 293, 396, 374, 25, 398, 195, 255, 385, 226, 396, 227, 327, 36, 176, 356, 25, 303, 267, 371, 25, 398, 156, 224, 327, 398, 75, 312, 224, 243, 25, 398, 244, 297, 332, 311, 260, 162, 376, 364, 398, 122, 398, 385, 263, 379, 267, 143, 398, 299, 393, 377, 398, 217, 298, 95, 44, 298, 25, 25, 308, 363, 144, 191, 100, 396, 363, 380, 398, 375, 82, 398]
opp_bid_avg = 254.1640625
opp_bid_cv = 0.5154795870592754
final_time = 25.487
post_auction_pcts: [0.669, 0.611, 0.512, 0.196, 0.463, 0.506, 0.648, 0.545, 0.304, 0.828, 0.63, 0.302, 0.412, 0.545, 0.664, 0.52, 0.685, 0.676, 0.534, 0.388, 0.406, 0.88, 0.26, 0.26, 0.745, 0.563, 0.786, 0.589, 0.654, 0.588, 0.851, 0.51, 0.791, 0.791, 0.697, 0.697, 0.364, 0.692, 0.692, 0.519, 0.442, 0.524, 0.419, 0.75, 0.676, 0.649, 0.345, 0.518, 0.522, 0.657, 0.404, 0.581, 0.601, 0.639, 0.405, 0.368, 0.612, 0.466, 0.523, 0.523, 0.655, 0.39, 0.489, 0.584, 0.866, 0.406, 0.271, 0.592, 0.598, 0.698, 0.452, 0.411, 0.411, 0.635, 0.599, 0.566, 0.571, 0.644]
post_turn_pcts: [0.57, 0.64, 0.917, 0.12, 0.897, 0.514, 0.991, 0.566, 0.662, 0.662, 0.716, 0.254, 0.485, 0.483, 0.601, 0.495, 0.548, 0.606, 0.575, 0.575, 0.674, 0.674, 0.195, 0.195, 0.729, 0.772, 0.807, 0.548, 0.636, 0.633, 0.633, 0.481, 0.783, 0.783, 0.768, 0.768, 0.228, 1.0, 1.0, 0.495, 0.327, 0.429, 0.372, 0.728, 0.728, 0.653, 0.211, 0.434, 0.322, 0.322, 0.595, 0.537, 0.537, 0.789, 0.587, 0.294, 0.953, 0.35, 0.425, 0.425, 0.868, 0.402, 0.345, 0.519, 0.496, 0.726, 0.473, 0.661, 0.555, 0.555, 0.902, 0.345, 0.345, 0.584, 0.506, 0.774, 0.588, 0.58]
post_river_pcts: [0.346, 0.658, 0.658, 0.037, 0.871, 0.438, 0.438, 0.424, 0.789, 0.789, 0.754, 0.25, 0.409, 0.538, 0.629, 0.365, 0.243, 0.686, 0.53, 0.53, 0.654, 0.654, 0.11, 0.11, 0.695, 0.789, 0.722, 0.453, 0.698, 0.481, 0.481, 0.352, 0.734, 0.734, 0.731, 0.731, 0.274, 0.274, 0.274, 0.586, 0.304, 0.378, 0.253, 0.737, 0.737, 0.699, 0.569, 0.437, 0.437, 0.437, 0.591, 0.494, 0.628, 0.669, 0.428, 0.199, 0.199, 0.365, 0.45, 0.45, 0.45, 0.175, 0.282, 0.597, 0.372, 0.776, 0.46, 0.669, 0.533, 0.533, 0.941, 0.941, 0.941, 0.695, 0.444, 0.72, 0.844, 0.671]
win-loss-tie history: [1, 0, 0, 0, 1, 1, 1, 1, 1, 0, 1, 0.5, 0, 0, 0, 0, 0, 0, 1, 1, 0, 1, 0, 1, 1, 1, 0, 0, 0, 1, 1, 0, 1, 0, 1, 1, 0, 1, 0, 1, 0, 1, 0, 1, 1, 0, 0.5, 0, 0, 0, 0, 1, 0, 1, 0, 1, 1, 1, 0, 0, 1, 0, 1, 0.5, 1, 0, 0, 0, 0, 1, 1, 0, 1, 0, 1, 0, 0, 1]
78
78
78
78
0.4807692307692308
