

opp_bids = [99, 100, 105, 136, 134, 139, 68, 150, 150, 120, 150, 144, 78, 141, 142, 150, 150, 150, 146, 150, 150, 150, 150, 150, 150, 150, 147, 150, 150, 147, 150, 131, 150, 150, 137, 144, 150, 150, 150, 146, 150, 150, 140, 150, 142, 150, 150, 128, 150, 150, 150, 150, 150, 150, 150, 149, 62, 150, 150, 137, 150, 150, 150, 150, 150, 140, 150, 150, 150, 118, 150, 74, 150, 150, 150, 146, 127, 150, 150, 150, 150, 150, 150, 147, 140, 150, 150, 125, 150, 150, 150, 150, 137, 150, 150, 150, 150, 150, 150, 150, 126, 130, 137, 150, 150, 150, 122, 150, 140, 150, 150, 150, 150, 123, 147, 150, 150, 150, 146, 150, 146, 146]
my_bids = [147, 108, 141, 94, 137, 137, 125, 101, 118, 105, 141, 154, 148, 139, 138, 119, 149, 157, 162, 177, 171, 110, 179, 114, 87, 123, 149, 171, 144, 167, 142, 137, 170, 168, 155, 145, 142, 185, 158, 77, 172, 148, 135, 171, 178, 152, 153, 103, 120, 165, 161, 166, 87, 156, 163, 73, 156, 167, 134, 65, 157, 159, 154, 178, 183, 167, 157, 171, 135, 178, 174, 144, 158, 171, 172, 155, 189, 172, 177, 120, 126, 169, 168, 94, 151, 168, 152, 161, 173, 157, 169, 131, 135, 172, 132, 130, 159, 147, 159, 156, 118, 149, 150, 115, 126, 157, 159, 138, 139, 149, 158, 109, 156, 146, 152, 166, 175, 169, 157, 164, 159, 173]
opp_bid_avg = 142.45081967213116
opp_bid_cv = 0.11732234710704895
final_time = 25.444
post_auction_pcts: [0.608, 0.691, 0.385, 0.567, 0.436, 0.492, 0.511, 0.523, 0.451, 0.288, 0.906, 0.77, 0.39, 0.638, 0.449, 0.526, 0.62, 0.46, 0.498, 0.544, 0.479, 0.377, 0.636, 0.481, 0.648, 0.408, 0.777, 0.537, 0.691, 0.622, 0.515, 0.575, 0.6, 0.776, 0.642, 0.766, 0.794, 0.69, 0.693, 0.802, 0.561, 0.668, 0.619, 0.488, 0.522, 0.631, 0.511, 0.388, 0.628, 0.563, 0.594, 0.563, 0.514, 0.556, 0.647, 0.609, 0.667, 0.449, 0.551, 0.503, 0.57, 0.51, 0.511, 0.55, 0.476, 0.482, 0.52, 0.563, 0.576, 0.647, 0.571, 0.586, 0.48, 0.547, 0.386, 0.651, 0.607, 0.513, 0.546, 0.58, 0.55, 0.587, 0.508, 0.614]
post_turn_pcts: [0.455, 0.648, 0.392, 0.52, 0.514, 0.466, 0.448, 0.889, 0.453, 0.329, 0.339, 0.752, 0.394, 0.525, 0.508, 0.514, 0.889, 0.488, 0.359, 0.404, 0.418, 0.441, 0.464, 0.509, 0.613, 0.468, 0.755, 0.404, 0.666, 0.76, 0.524, 0.487, 0.607, 0.77, 0.551, 0.87, 0.766, 0.915, 0.632, 0.761, 0.42, 0.518, 0.589, 0.635, 0.532, 0.645, 0.468, 0.363, 0.719, 0.534, 0.559, 0.915, 0.473, 0.534, 0.668, 0.525, 0.637, 0.316, 0.494, 0.627, 0.535, 0.469, 0.786, 0.49, 0.587, 0.45, 0.601, 0.767, 0.62, 0.635, 0.542, 0.512, 0.964, 0.627, 0.279, 0.575, 0.605, 0.609, 0.504, 0.543, 0.477, 0.45, 0.421, 0.62]
post_river_pcts: [0.434, 0.533, 0.218, 0.429, 0.893, 0.503, 0.36, 0.796, 0.659, 0.43, 0.43, 0.784, 0.178, 0.566, 0.416, 0.43, 0.43, 0.312, 0.173, 0.158, 0.341, 0.421, 0.247, 0.532, 0.55, 0.852, 0.683, 0.262, 0.616, 0.609, 0.248, 0.414, 0.446, 0.761, 0.35, 0.35, 0.719, 0.719, 0.616, 0.789, 0.384, 0.441, 0.569, 0.598, 0.758, 0.725, 0.567, 0.23, 0.973, 0.365, 0.371, 0.371, 0.473, 0.341, 0.656, 0.367, 0.616, 0.34, 0.472, 0.543, 0.417, 0.386, 0.71, 0.579, 0.607, 0.489, 0.408, 0.959, 0.564, 0.549, 0.525, 0.376, 0.982, 0.394, 0.137, 0.588, 0.687, 0.565, 0.343, 0.462, 0.365, 0.477, 0.484, 0.593]
win-loss-tie history: [0, 1, 0, 0, 0.5, 1, 1, 1, 1, 0.5, 1, 1, 1, 0.5, 1, 0, 1, 0, 0, 0, 0, 0, 0, 1, 0, 0, 1, 0, 0, 1, 1, 0, 0, 1, 1, 0, 1, 0.5, 0, 0, 1, 1, 0, 1, 1, 1, 1, 1, 1, 1, 1, 1, 0, 0, 1, 0, 0, 1, 0, 1, 0, 1, 1, 0, 1, 0, 0, 1, 1, 0, 1, 0, 1, 0, 0, 1, 1, 0, 0, 1, 1, 0, 0, 0]
84
84
84
84
0.5238095238095238
