

opp_bids = [85, 110, 111, 106, 87, 110, 53, 141, 128, 128, 111, 150, 127, 117, 150, 135, 150, 120, 145, 137, 150, 150, 121, 8, 150, 127, 150, 88, 88, 114, 63, 150, 74, 150, 150, 150, 128, 103, 150, 139, 120, 99, 89, 150, 150, 150, 150, 148, 25, 143, 150, 83, 136, 130, 150, 123, 148, 68, 150, 111, 150, 150, 150, 94, 133, 150, 150, 128, 137, 150, 129, 150, 105, 122, 126, 150, 150, 119, 150, 143, 137, 125, 150, 150, 131, 33, 148, 103, 149, 150, 102, 150, 138, 150, 150, 102, 149, 36, 119, 111, 150, 150, 150, 137, 150, 71, 129, 150, 150, 109, 150, 150, 145, 150, 150, 150, 150, 150, 120, 150, 143, 136, 150, 116, 150, 150, 140, 150, 146, 150, 150, 150, 145, 135, 106, 150, 104, 150, 150, 145, 117, 150, 142, 150]
my_bids = [82, 104, 64, 86, 118, 55, 121, 91, 150, 120, 106, 140, 134, 74, 79, 168, 154, 85, 99, 105, 152, 107, 124, 82, 119, 87, 63, 180, 104, 160, 127, 75, 175, 178, 100, 198, 121, 175, 144, 25, 156, 58, 174, 162, 186, 199, 144, 172, 116, 129, 151, 157, 97, 160, 149, 173, 175, 159, 182, 148, 176, 82, 206, 159, 118, 184, 184, 177, 183, 147, 192, 168, 150, 146, 87, 161, 161, 142, 155, 76, 164, 145, 45, 140, 189, 137, 170, 76, 141, 177, 89, 177, 97, 188, 145, 142, 137, 115, 104, 124, 139, 163, 62, 167, 30, 140, 165, 178, 173, 187, 183, 96, 85, 152, 140, 87, 178, 113, 141, 157, 113, 127, 103, 181, 98, 190, 25, 158, 155, 139, 157, 177, 101, 150, 142, 133, 168, 176, 161, 137, 133, 162, 125, 183]
opp_bid_avg = 129.73611111111111
opp_bid_cv = 0.21964849390138375
final_time = 25.172
post_auction_pcts: [0.561, 0.575, 0.87, 0.521, 0.741, 0.296, 0.633, 0.601, 0.567, 0.531, 0.447, 0.581, 0.895, 0.434, 0.572, 0.62, 0.527, 0.54, 0.472, 0.457, 0.564, 0.448, 0.742, 0.662, 0.712, 0.103, 0.429, 0.763, 0.561, 0.5, 0.831, 0.263, 0.779, 0.58, 0.464, 0.643, 0.581, 0.506, 0.405, 0.525, 0.548, 0.527, 0.541, 0.561, 0.705, 0.647, 0.77, 0.496, 0.409, 0.471, 0.566, 0.356, 0.494, 0.824, 0.609, 0.632, 0.449, 0.463, 0.782, 0.566, 0.569, 0.676, 0.535, 0.718, 0.715, 0.249, 0.579, 0.578, 0.742, 0.52, 0.715, 0.366, 0.429, 0.626, 0.681, 0.509, 0.629, 0.581, 0.451]
post_turn_pcts: [0.494, 0.585, 0.793, 0.501, 0.717, 0.282, 0.553, 0.584, 0.506, 0.423, 0.371, 0.564, 0.99, 0.348, 0.525, 0.554, 0.493, 0.779, 0.294, 0.451, 0.512, 0.327, 0.766, 0.579, 0.661, 0.079, 0.332, 0.737, 0.529, 0.411, 0.411, 0.153, 0.711, 0.51, 0.402, 0.56, 0.406, 0.483, 0.23, 0.441, 0.435, 0.61, 0.451, 0.524, 0.636, 0.614, 0.708, 0.766, 0.465, 0.544, 0.517, 0.249, 0.606, 0.796, 0.569, 0.591, 0.255, 0.489, 0.849, 0.795, 0.436, 0.549, 0.489, 0.924, 0.654, 0.212, 0.56, 0.579, 0.664, 0.348, 0.717, 0.605, 0.316, 0.593, 0.664, 0.572, 0.547, 0.725, 0.479]
post_river_pcts: [0.445, 0.683, 0.941, 0.333, 0.689, 0.16, 0.568, 0.627, 0.749, 0.503, 0.344, 0.441, 0.441, 0.139, 0.258, 0.578, 0.667, 0.739, 0.171, 0.536, 0.367, 0.047, 0.785, 0.578, 0.581, 0.015, 0.373, 0.482, 0.513, 0.296, 0.296, 0.466, 0.704, 0.695, 0.333, 0.488, 0.797, 0.422, 0.226, 0.275, 0.456, 0.638, 0.347, 0.455, 0.454, 0.63, 0.693, 0.656, 0.319, 0.505, 0.379, 0.075, 0.603, 0.661, 0.693, 0.474, 0.0, 0.222, 0.842, 0.698, 0.202, 0.283, 0.443, 0.38, 0.567, 0.101, 0.471, 0.487, 0.555, 0.055, 0.629, 0.408, 0.542, 0.742, 0.506, 0.334, 0.569, 0.759, 0.916]
win-loss-tie history: [0, 0, 1, 1, 0, 1, 0, 1, 1, 0, 1, 1, 1, 0, 0, 0, 1, 1, 0, 0, 0, 0, 1, 0, 1, 0, 1, 1, 0, 0, 1, 1, 0.5, 1, 1, 0, 0, 0, 1, 0, 0, 1, 0, 0, 1, 0, 1, 1, 0, 1, 1, 0, 0, 0, 0, 0, 0, 1, 0, 1, 0, 0, 1, 1, 0, 0, 0, 0, 0, 0, 1, 1, 0.5, 1, 0, 0, 1, 1, 0]
79
79
79
79
0.4430379746835443
