

opp_bids = [109, 110, 67, 138, 130, 130, 114, 141, 150, 150, 87, 126, 141, 75, 150, 143, 150, 135, 133, 150, 150, 112, 150, 106, 150, 136, 150, 121, 91, 150, 150, 135, 150, 65, 119, 142, 32, 118, 150, 132, 150, 150, 94, 108, 119, 150, 150, 141, 122, 129, 150, 150, 150, 149, 150, 150, 118, 150, 150, 134, 59, 150, 150, 146, 150, 120, 149, 146, 143, 150, 107, 60, 150, 150, 136, 131, 124, 129, 137, 133, 144, 85, 113, 144, 141, 148, 96, 134, 137, 135, 142, 150, 150, 150, 139, 150, 145, 150, 135, 135, 145, 93, 142, 143, 150, 123, 136, 150, 150, 126, 131, 148, 150, 150, 126, 145, 150]
my_bids = [119, 138, 97, 119, 112, 159, 155, 125, 145, 162, 66, 163, 111, 96, 95, 160, 142, 155, 165, 161, 161, 87, 34, 165, 94, 167, 101, 149, 162, 139, 93, 141, 150, 170, 112, 143, 60, 142, 137, 178, 174, 45, 120, 134, 144, 164, 112, 144, 168, 199, 124, 98, 189, 156, 114, 162, 171, 156, 174, 196, 154, 100, 96, 173, 107, 167, 178, 104, 128, 133, 137, 148, 115, 183, 100, 150, 119, 159, 117, 145, 136, 101, 93, 142, 164, 110, 125, 138, 158, 164, 37, 179, 157, 191, 86, 170, 164, 150, 156, 164, 156, 134, 25, 144, 169, 165, 135, 174, 105, 124, 147, 152, 98, 170, 170, 176, 163]
opp_bid_avg = 132.5042735042735
opp_bid_cv = 0.17755302746258214
final_time = 25.821
post_auction_pcts: [0.644, 0.682, 0.237, 0.623, 0.503, 0.532, 0.364, 0.641, 0.48, 0.459, 0.685, 0.555, 0.567, 0.607, 0.291, 0.638, 0.785, 0.705, 0.522, 0.874, 0.625, 0.393, 0.65, 0.746, 0.732, 0.385, 0.494, 0.476, 0.603, 0.795, 0.461, 0.427, 0.562, 0.591, 0.509, 0.612, 0.609, 0.372, 0.454, 0.551, 0.806, 0.53, 0.615, 0.504, 0.47, 0.548, 0.534, 0.456, 0.698, 0.369, 0.625, 0.636, 0.548, 0.604, 0.62, 0.569, 0.765, 0.665, 0.619, 0.551, 0.459, 0.616, 0.713, 0.562, 0.475, 0.682, 0.59, 0.459, 0.484, 0.565, 0.602, 0.421, 0.626]
post_turn_pcts: [0.586, 0.524, 0.126, 0.533, 0.473, 0.496, 0.218, 0.548, 0.323, 0.574, 0.715, 0.562, 0.555, 0.653, 0.195, 0.595, 0.777, 0.538, 0.411, 0.894, 0.533, 0.313, 0.615, 0.991, 0.57, 0.257, 0.415, 0.493, 0.856, 0.745, 0.495, 0.455, 0.382, 0.584, 0.377, 0.589, 0.615, 0.352, 0.453, 0.501, 0.758, 0.516, 0.494, 0.562, 0.531, 0.61, 0.601, 0.395, 0.691, 0.361, 0.579, 0.568, 0.488, 0.508, 0.533, 0.506, 0.941, 0.584, 0.555, 0.454, 0.491, 0.572, 0.639, 0.54, 0.431, 0.619, 0.518, 0.452, 0.423, 0.393, 0.379, 0.371, 0.554]
post_river_pcts: [0.447, 0.338, 0.034, 0.457, 0.441, 0.408, 0.124, 0.455, 0.14, 0.584, 0.735, 0.576, 0.707, 0.501, 0.109, 0.508, 0.701, 0.45, 0.148, 0.148, 0.464, 0.167, 0.607, 0.995, 0.746, 0.159, 0.426, 0.416, 0.836, 0.759, 0.371, 0.229, 0.315, 0.434, 0.212, 0.852, 0.627, 0.283, 0.395, 0.413, 0.752, 0.438, 0.63, 0.655, 0.442, 0.581, 0.418, 0.623, 0.595, 0.276, 0.418, 0.481, 0.43, 0.468, 0.423, 0.461, 0.879, 0.58, 0.516, 0.468, 0.646, 0.352, 0.518, 0.605, 0.352, 0.734, 0.455, 0.39, 0.243, 0.323, 0.27, 0.504, 0.517]
win-loss-tie history: [1, 0, 0, 1, 1, 1, 0, 0, 0.5, 1, 0, 0, 1, 0, 1, 1, 0, 0, 1, 0, 0, 1, 0, 1, 0, 0, 0, 0, 1, 1, 0, 1, 1, 1, 0, 0, 1, 1, 0, 0.5, 0, 1, 1, 1, 0, 1, 1, 0, 0, 1, 1, 1, 0, 0, 1, 0, 1, 1, 0, 1, 0, 0, 1, 0, 0, 1, 1, 0, 1, 1, 0, 1, 0]
73
73
73
73
0.5068493150684932
