Forfeit in Round #194


opp_bids = [76, 8, 78, 150, 114, 82, 114, 30, 150, 66, 150, 60, 65, 150, 150, 94, 150, 150, 150, 150, 65, 150, 150, 106, 150, 150, 150, 150, 8, 150, 141, 150, 105, 150, 139, 150, 8, 150, 133, 150, 150, 121, 150, 150, 150, 132, 150, 150, 150, 143, 150, 150, 150, 150, 150, 89, 150, 150, 136, 150, 150, 149, 138, 120, 150, 150, 150, 150, 150, 150, 150, 150, 150, 150, 120, 149, 150, 150, 143, 150, 150, 150, 150, 119, 150, 62, 150, 150, 150, 150, 8, 150, 150, 150, 150, 113, 150, 150, 132, 150, 150, 150, 145, 150, 150, 150, 150, 144, 150, 150, 150, 137, 150, 150, 133]
my_bids = [86, 146, 135, 55, 152, 25, 170, 90, 58, 61, 144, 178, 141, 164, 89, 112, 148, 148, 105, 93, 67, 158, 92, 213, 205, 60, 73, 175, 114, 177, 208, 186, 218, 168, 153, 197, 199, 205, 150, 69, 187, 192, 105, 161, 195, 150, 198, 99, 201, 182, 194, 88, 149, 115, 159, 185, 180, 212, 165, 165, 194, 216, 153, 178, 70, 214, 133, 219, 129, 149, 147, 192, 192, 184, 86, 25, 123, 195, 166, 152, 206, 221, 119, 130, 129, 25, 42, 222, 182, 159, 125, 177, 152, 229, 138, 167, 168, 167, 172, 128, 188, 113, 113, 148, 171, 166, 174, 187, 25, 172, 204, 208, 119, 127, 25]
opp_bid_avg = 133.2608695652174
opp_bid_cv = 0.2580072629571448
final_time = 28.037
post_auction_pcts: [0.817, 0.429, 0.515, 0.286, 0.416, 0.972, 0.254, 0.462, 0.419, 0.529, 0.601, 0.92, 0.531, 0.656, 0.642, 0.713, 0.595, 0.547, 0.548, 0.567, 0.627, 0.574, 0.482, 0.684, 0.506, 0.458, 0.642, 0.432, 0.812, 0.874, 0.516, 0.838, 0.438, 0.093, 0.481, 0.812, 0.604, 0.817, 0.574, 0.574, 0.503, 0.589, 0.67, 0.361, 0.462, 0.727, 0.485, 0.41, 0.65, 0.696, 0.363, 0.669, 0.896, 0.498, 0.513, 0.952, 0.361, 0.954, 0.747, 0.518, 0.499, 0.956]
post_turn_pcts: [0, 0.366, 0.497, 0.258, 0.478, 0.478, 0.178, 0.491, 0.395, 0.529, 0.548, 0.936, 0.433, 0.378, 0.635, 0.618, 0.459, 0.426, 0.437, 0.395, 0.512, 0.634, 0.387, 0.669, 0.487, 0.373, 0.618, 0.405, 0.405, 0.405, 0.586, 0.371, 0.408, 0.047, 0.336, 0.325, 0.502, 0.847, 0.593, 0.544, 0.509, 0.624, 0.835, 0.32, 0.421, 0.751, 0.454, 0.443, 0.634, 0.737, 0.365, 0.566, 0.803, 0.587, 0.517, 0.366, 0.271, 0.271, 0.671, 0.409, 0.472, 0.875]
post_river_pcts: [0, 0.254, 0.347, 0.188, 0.537, 0.537, 0.1, 0.325, 0.343, 0.478, 0.329, 0.329, 0.309, 0.128, 0.487, 0.365, 0.343, 0.285, 0.204, 0.292, 0.264, 0.431, 0.444, 0.55, 0.364, 0.21, 0.645, 0.184, 0.184, 0.184, 0.408, 0.211, 0.302, 0.195, 0.2, 0.247, 0.487, 0.681, 0.69, 0.357, 0.343, 0.58, 0.983, 0.242, 0.486, 0.992, 0.362, 0.344, 0.573, 0.726, 0.512, 0.437, 0.437, 0.485, 0.338, 0.822, 0.168, 0.168, 0.917, 0.406, 0.456, 0.912]
win-loss-tie history: [0.5, 0, 0, 1, 1, 1, 0, 1, 1, 1, 0, 1, 1, 1, 1, 0, 0, 1, 0, 0, 1, 0, 1, 0, 0, 1, 0, 1, 1, 1, 1, 1, 0, 0, 0, 1, 1, 0, 1, 0, 0, 0, 1, 1, 1, 1, 1, 1, 1, 1, 0.5, 0, 1, 0, 1, 1, 0, 0, 1, 0, 1, 1]
62
62
62
62
0.5967741935483871
