

opp_bids = [104, 117, 70, 95, 106, 150, 133, 88, 149, 150, 138, 126, 125, 122, 140, 150, 150, 150, 82, 102, 122, 150, 8, 150, 150, 150, 111, 150, 150, 117, 134, 150, 150, 102, 150, 127, 150, 110, 40, 150, 150, 150, 137, 142, 150, 150, 150, 139, 53, 150, 150, 135, 150, 150, 150, 140, 139, 141, 150, 73, 150, 150, 150, 150, 150, 150, 150, 150, 150, 150, 150, 150, 150, 150, 150, 142, 142, 72, 146, 146, 130, 150, 150, 131, 150, 150, 150, 107, 150, 132, 150, 150, 135, 150, 135, 113, 150, 148, 70, 150, 111, 150, 150, 149, 124, 130, 145, 150, 150, 150, 150, 139, 150, 137, 145, 150, 144, 74, 124, 150, 140]
my_bids = [116, 57, 102, 110, 135, 127, 80, 136, 121, 104, 124, 111, 108, 170, 133, 39, 111, 166, 165, 168, 146, 136, 139, 93, 104, 163, 41, 169, 105, 134, 170, 181, 148, 159, 103, 114, 166, 183, 150, 150, 120, 111, 121, 99, 121, 141, 89, 91, 140, 164, 103, 159, 162, 154, 168, 147, 185, 193, 114, 126, 94, 188, 182, 185, 176, 91, 192, 189, 171, 25, 121, 144, 164, 63, 119, 159, 149, 149, 122, 184, 191, 177, 154, 133, 67, 190, 143, 196, 99, 124, 165, 185, 169, 177, 191, 169, 159, 136, 176, 137, 130, 153, 133, 155, 163, 146, 165, 101, 181, 140, 171, 158, 182, 116, 25, 203, 159, 139, 171, 190, 165]
opp_bid_avg = 134.52892561983472
opp_bid_cv = 0.1939652869505494
final_time = 25.8
post_auction_pcts: [0.932, 0.78, 0.408, 0.482, 0.405, 0.495, 0.759, 0.509, 0.502, 0.537, 0.512, 0.58, 0.885, 0.65, 0.527, 0.53, 0.657, 0.607, 0.836, 0.527, 0.772, 0.56, 0.835, 0.352, 0.382, 0.572, 0.751, 0.945, 0.63, 0.571, 0.658, 0.804, 0.463, 0.57, 0.548, 0.463, 0.461, 0.43, 0.488, 0.402, 0.546, 0.388, 0.546, 0.516, 0.672, 0.489, 0.618, 0.562, 0.353, 0.387, 0.704, 0.529, 0.366, 0.309, 0.446, 0.4, 0.543, 0.465, 0.868, 0.898, 0.457]
post_turn_pcts: [0.656, 0.805, 0.312, 0.44, 0.308, 0.343, 0.756, 0.506, 0.446, 0.471, 0.764, 0.412, 0.412, 0.565, 0.487, 0.413, 0.584, 0.605, 0.858, 0.409, 0.692, 0.531, 0.531, 0.354, 0.563, 0.469, 0.727, 0.604, 0.892, 0.702, 0.536, 0.536, 0.579, 0.795, 0.535, 0.486, 0.253, 0.366, 0.431, 0.438, 0.502, 0.563, 0.86, 0.412, 0.593, 0.445, 0.625, 0.45, 0.3, 0.776, 0.726, 0.514, 0.313, 0.206, 0.556, 0.328, 0.554, 0.645, 0.595, 0.595, 0.424]
post_river_pcts: [0.922, 0.72, 0.443, 0.396, 0.095, 0.076, 0.759, 0.489, 0.234, 0.326, 0.706, 0.795, 0.795, 0.587, 0.473, 0.398, 0.534, 0.506, 0.506, 0.269, 0.695, 0.451, 0.451, 0.156, 0.533, 0.218, 0.72, 0.975, 0.982, 0.542, 0.688, 0.688, 0.148, 0.726, 0.385, 0.751, 0.727, 0.237, 0.53, 0.531, 0.611, 0.452, 0.452, 0.467, 0.568, 0.377, 0.583, 0.673, 0.269, 0.766, 0.654, 0.587, 0.207, 0.105, 0.48, 0.267, 0.515, 0.595, 0.892, 0.892, 0.609]
win-loss-tie history: [1, 0, 0, 0, 0, 0, 0, 1, 0, 0, 1, 1, 1, 1, 1, 1, 1, 1, 0, 1, 1, 0, 1, 1, 0, 0, 0, 1, 1, 0, 1, 1, 0, 1, 0, 0, 1, 0, 1, 0, 1, 0, 0, 1, 0, 0, 1, 1, 0, 0, 0, 1, 1, 0.5, 1, 0, 0, 0, 0, 0, 1]
61
61
61
61
0.48360655737704916
